epoch_49_size_1:0.0
epoch_149_size_1:0.0
epoch_249_size_1:0.0
epoch_349_size_1:0.0
epoch_449_size_1:0.0
epoch_549_size_1:0.0
epoch_649_size_1:0.0814
epoch_749_size_1:0.0818
epoch_849_size_1:0.0836
epoch_949_size_1:0.063
epoch_1049_size_1:0.07200000000000001
epoch_1149_size_1:0.1902
epoch_1249_size_1:0.2072
epoch_1349_size_1:0.2034
epoch_1449_size_1:0.2116
epoch_1549_size_1:0.228
epoch_1649_size_1:0.2596
epoch_1749_size_1:0.27399999999999997
epoch_1849_size_1:0.32
epoch_1949_size_1:0.32939999999999997
epoch_2049_size_1:0.31420000000000003
epoch_2149_size_1:0.326
epoch_2249_size_1:0.32439999999999997
epoch_2349_size_1:0.3178
epoch_2449_size_1:0.331
epoch_2549_size_1:0.3354
epoch_2649_size_1:0.319
epoch_2749_size_1:0.3246
epoch_2849_size_1:0.3464
epoch_2949_size_1:0.35259999999999997
epoch_49_size_100:0.414
epoch_149_size_100:0.47740000000000005
epoch_249_size_100:0.519
epoch_349_size_100:0.494
epoch_449_size_100:0.5068
epoch_549_size_100:0.4988
epoch_649_size_100:0.5316
epoch_749_size_100:0.532
epoch_849_size_100:0.5514
epoch_949_size_100:0.541